101
102
103
104
105
106
107
108
109
110
111
112
113
114
115
116
117
118
119
120
122
123
125
126
127
128
129
130
132
133
134
135
136
139
140
141
142
143
144
145
147
148
149
150
155
157
158
159
161
163
166
167
168
169
170
171
172
173
174
175
177
178
179
181
183
185
186
190
191
192
193
194
195
196
197
198
199
200
201
202
203
204
205
206
208
209
210
212
213
214
215
216
218
220
221
223
225
227
228
229
230
231
232
233
234
235
237
238
239
240
241
244
245
246
247
248
249
250
251
252
253
255
256
257
259
260
261
262
263
264
265
266
267
268
269
270
271
272
274
277
278
279
280
281
282
283
285
286
287
288
289
290
291
292
294
295
296
297
298
299
301
302
303
304
305
306
307
309
310
312
314
315
317
318
322
323
324
325
327
328
329
330
331
332
333
338
340
341
343
344
345
346
347
348
351
353
354
355
356
357
358
359
360
362
363
364
365
366
368
369
370
371
373
374
375
376
380
383
385
386
388
391
393
396
398
400
402
403
404
406
411
413
415
418
421
422
423
424
426
429
431
433
434
435
437
438
439
442
443
444
448
449
451
452
453
454
455
457
458
460
461
462
463
464
465
466
468
469
470
471
473
474
475
476
477
479
480
481
483
484
486
487
488
489
490
491
492
493
494
495
499
500
501
502
503
504
505
507
508
509
510
511
512
514
515
518
519
520
521
522
523
524
525
526
527
530
532
533
534
535
536
537
538
539
540
541
542
544
545
546
547
548
551
552
553
554
555
557
558
559
560
561
562
563
564
567
568
569
570
571
573
574
575
576
578
579
580
581
582
583
584
586
588
589
593
594
595
596
598
600
601
603
605
607
609
611
612
613
615
616
618
620
622
624
625
626
628
629
631
637
640
641
642
644
646
647
649
651
652
654
655
656
657
658
659
660
661
663
664
666
667
669
672
674
675
676
677
678
680
681
682
683
684
685
686
687
688
691
692
693
694
696
697
698
699
700
702
703
704
705
706
707
709
710
711
712
713
714
715
718
721
722
723
724
726
727
728
729
730
731
732
733
734
736
737
738
739
740
741
743
744
745
746
747
748
750
751
752
753
754
755
756
757
761
762
763
765
766
767
769
770
771
772
773
774
775
776
777
778
779
780
781
782
783
784
785
786
787
788
789
790
791
793
794
795
796
797
798
799
800
801
802
804
805
806
807
808
809
810
811
812
813
815
817
818
819
820
821
822
823
824
825
826
827
828
829
830
832
833
834
835
836
837
838
839
840
841
842
843
844
847
848
849
851
852
853
854
855
857
858
859
860
862
863
864
865
866
867
868
869
870
871
872
873
874
875
876
878
880
882
883
886
892
893
894
895
896
897
899
900
901
902
903
904
905
906
907
908
910
911
912
913
915
917
918
919
921
923
924
926
927
929
930
931
932
933
934
935
936
938
939
941
942
943
944
945
950
952
954
955
957
958
960
963
966
967
969
970
971
974
976
978
980
981
982
990
991
993
994
996
997
998
999
1000
1001
1002
1004
1005
1006
1007
1009
1010
1011
1012
1013
1014
1015
1016
1018
1019
1022
1024
1025
1026
1027
1028
1031
1032
1033
1034
1035
1036
1037
1039
1040
1041
1042
1043
1044
1046
1047
1048
1049
1050
1051
1052
1053
1054
1055
1056
1057
1058
1059
1060
1062
1063
1064
1065
1066
1067
1068
1069
1071
1072
1073
1074
1075
1076
1077
1078
1079
1080
1081
1082
1083
1084
1086
1087
1088
1089
1091
1092
1093
1094
1095
1096
1097
1098
1099
1100
1101
1103
1104
1105
1106
1107
1110
1111
1112
1113
1114
1116
1117
1118
1119
1120
1122
1124
1125
1128
1129
1130
1131
1133
1135
1136
1137
1138
1139
1144
1145
1147
1148
1149
1150
1151
1152
1154
1160
1161
1162
1163
1165
1167
1169
1173
1174
1175
1176
1179
1180
1181
1184
1185
1187
1189
1191
1192
1194
1196
1197
1198
1199
1200
1201
1203
1204
1205
1207
1208
1209
1211
1212
1213
1214
1215
1216
1217
1218
1219
1220
1221
1222
1223
1224
1225
1226
1227
1228
1230
1231
1232
1233
1234
1235
1236
1237
1238
1239
1240
1241
1242
1243
1244
1245
1246
1247
1248
1249
1250
1251
1252
1253
1254
1255
1257
1258
1259
1260
1261
1262
1263
1264
1265
1266
1267
1268
1269
1271
1272
1273
1274
1275
1277
1278
1279
1280
1281
1282
1283
1284
1287
1288
1290
1291
1293
1294
1295
1296
1298
1300
1301
1302
1303
1304
1307
1310
1314
1315
1316
1317
1318
1320
1323
1324
1327
1328
1330
1333
1334
1335
1336
1337
1338
1339
1343
1345
1346
1347
1350
1353
1354
1355
1356
1357
1358
1359
1360
1361
1362
1363
1364
1368
1369
1370
1372
1373
1374
1375
1376
1378
1380
1381
1382
1386
1388
1389
1390
1391
1392
1393
1394
1395
1399
1400
1402
1403
1404
1406
1407
1408
1410
1411
1412
1413
1414
1415
1416
1417
1418
1419
1420
1422
1423
1424
1425
1430
1431
1432
1433
1434
1435
1436
1437
1438
1439
1440
1441
1442
1443
1444
1445
1446
1447
1448
1449
1450
1451
1452
1453
1454
1456
1458
1459
1462
1463
1464
1465
1466
1467
1468
1469
1470
1471
1472
1473
1474
1475
1476
1477
1478
1479
1480
1481
1482
1483
1485
1487
1488
1489
1490
1491
1493
1494
1495
1496
1497
1498
1500
1501
1502
1503
1504
1505
1506
1508
1509
1510
1511
1512
1513
1515
1516
1518
1520
1521
1522
1524
1525
1526
1527
1528
1530
1531
1532
1533
1534
1536
1537
1538
1539
1541
1542
1543
1544
1546
1548
1551
1552
1554
1556
1557
1558
1559
1560
1561
1562
1563
1565
1567
1568
1570
1573
1576
1577
1578
1580
1581
1583
1584
1585
1586
1587
1588
1591
1592
1593
1594
1595
1596
1597
1598
1599
1601
1602
1603
1604
1605
1607
1609
1610
1611
1612
1613
1614
1616
1617
1618
1619
1620
1621
1624
1625
1626
1627
1628
1629
1630
1631
1632
1633
1634
1636
1638
1639
1640
1641
1642
1643
1646
1647
1648
1651
1652
1653
1654
1655
1658
1659
1660
1661
1662
1663
1664
1665
1668
1669
1670
1671
1672
1673
1674
1675
1676
1677
1678
1680
1681
1682
1683
1684
1685
1686
1687
1689
1690
1691
1692
1693
1694
1695
1696
1697
1698
1699
1700
1701
1702
1703
1704
1705
1706
1707
1708
1709
1710
1712
1713
1714
1715
1716
1717
1718
1719
1720
1721
1722
1723
1724
1725
1726
1727
1728
1729
1730
1731
1732
1733
1734
1735
1736
1737
1738
1739
1740
1741
1742
1743
1744
1745
1746
1747
1748
1749
1750
1751
1752
1753
1754
1755
1756
1757
1758
1759
1760
1761
1762
1763
1764
